>CAGTGTTTCCAA	1-CAGTGTTTCCAA	8.045463	-12.386987	0	T:3341.0(36.63%),B:14783.7(34.40%),P:1e-5,FDR:0.333333333333333	Tpos:20007.6,Tstd:11577.0,Bpos:19920.9,Bstd:13240.9,StrandBias:0.1,Multiplicity:2.60
0.001	0.997	0.001	0.001
0.973	0.016	0.010	0.001
0.001	0.001	0.997	0.001
0.001	0.012	0.001	0.986
0.001	0.001	0.997	0.001
0.001	0.001	0.001	0.997
0.001	0.001	0.001	0.997
0.001	0.001	0.001	0.997
0.001	0.997	0.001	0.001
0.001	0.997	0.001	0.001
0.995	0.001	0.003	0.001
0.997	0.001	0.001	0.001
>ACASYGTTTCCG	2-ACASYGTTTCCG	8.637728	-8.063313	0	T:62.0(0.68%),B:182.0(0.42%),P:1e-3,FDR:0.333333333333333	Tpos:20467.7,Tstd:10693.0,Bpos:20452.0,Bstd:13080.1,StrandBias:0.2,Multiplicity:1.32
0.574	0.202	0.136	0.088
0.091	0.501	0.265	0.143
0.989	0.005	0.005	0.001
0.167	0.399	0.345	0.089
0.122	0.315	0.190	0.374
0.062	0.207	0.587	0.144
0.103	0.181	0.187	0.529
0.118	0.229	0.159	0.494
0.119	0.163	0.175	0.543
0.118	0.457	0.134	0.290
0.006	0.488	0.263	0.243
0.246	0.069	0.672	0.013
>TGCATWCATCWC	3-TGCATWCATCWC	8.741062	-6.408011	0	T:4484.0(49.16%),B:20465.6(47.62%),P:1e-2,FDR:0.333333333333333	Tpos:19813.3,Tstd:11411.1,Bpos:19923.7,Bstd:13193.8,StrandBias:0.0,Multiplicity:3.05
0.032	0.091	0.043	0.834
0.001	0.001	0.997	0.001
0.032	0.966	0.001	0.001
0.949	0.001	0.049	0.001
0.057	0.101	0.001	0.841
0.422	0.017	0.001	0.560
0.001	0.951	0.047	0.001
0.676	0.037	0.286	0.001
0.001	0.065	0.062	0.872
0.001	0.997	0.001	0.001
0.423	0.059	0.095	0.423
0.001	0.940	0.058	0.001
>GAGAAACTGCTT	4-GAGAAACTGCTT	9.694726	-4.990492	0	T:364.0(3.99%),B:1505.7(3.50%),P:1e-2,FDR:0.333333333333333	Tpos:19706.2,Tstd:11318.8,Bpos:20089.9,Bstd:13594.4,StrandBias:-0.3,Multiplicity:6.51
0.001	0.001	0.997	0.001
0.997	0.001	0.001	0.001
0.001	0.001	0.997	0.001
0.997	0.001	0.001	0.001
0.997	0.001	0.001	0.001
0.997	0.001	0.001	0.001
0.001	0.997	0.001	0.001
0.001	0.042	0.012	0.945
0.001	0.001	0.997	0.001
0.001	0.997	0.001	0.001
0.001	0.001	0.001	0.997
0.001	0.001	0.001	0.997
>CTTTTTCACCAT	5-CTTTTTCACCAT	16.498965	-4.835357	0	T:198.0(2.17%),B:782.5(1.82%),P:1e-2,FDR:0.333333333333333	Tpos:19699.9,Tstd:11207.1,Bpos:20272.2,Bstd:14316.2,StrandBias:0.1,Multiplicity:10.47
0.001	0.997	0.001	0.001
0.001	0.001	0.001	0.997
0.001	0.001	0.001	0.997
0.001	0.001	0.001	0.997
0.001	0.001	0.001	0.997
0.001	0.001	0.001	0.997
0.001	0.997	0.001	0.001
0.980	0.001	0.018	0.001
0.001	0.997	0.001	0.001
0.001	0.997	0.001	0.001
0.975	0.001	0.023	0.001
0.001	0.060	0.001	0.938
