ID,Description,GeneRatio,BgRatio,pvalue,p.adjust,qvalue,geneID,Count
GO:0035068,micro-ribonucleoprotein complex,66/820,485/18021,1.16152503478108e-15,5.69147267042729e-13,5.69147267042729e-13,MIR3180-4/MIR578/MIR648/MIR663B/MIRLET7D/MIR181A2/MIR626/MIR1283-2/MIR371A/MIR372/MIR516A1/MIR516A2/MIR519A2/MIR1283-1/MIR140/MIR146A/MIR30B/MIR30D/MIR3179-1/MIR3179-2/MIR3179-3/MIR3180-1/MIR3180-2/MIR3180-3/MIR498/MIR515-1/MIR515-2/MIR516B1/MIR516B2/MIR517A/MIR517B/MIR517C/MIR518A1/MIR518A2/MIR518B/MIR518C/MIR518D/MIR518E/MIR518F/MIR519A1/MIR519B/MIR519C/MIR519D/MIR519E/MIR520A/MIR520B/MIR520C/MIR520D/MIR520E/MIR520F/MIR520G/MIR520H/MIR521-1/MIR521-2/MIR522/MIR523/MIR524/MIR525/MIR526A1/MIR526A2/MIR526B/MIR527/MIR548AA2/MIR548D2/MIR550A2/MIR550B2,66
GO:0000137,Golgi cis cisterna,9/820,26/18021,1.24279389287728e-06,0.000304484503754934,0.000304484503754934,GOLGA8DP/GOLGA8J/GOLGA8K/GOLGA8R/GOLGA8T/GOLGA8M/LLGL1/GOLGA8CP/GOLGA8S,9
GO:0032580,Golgi cisterna membrane,13/820,89/18021,0.000186584533886495,0.0304754738681276,0.0304754738681276,GOLGA8DP/GOLGA8J/GOLGA8K/GOLGA8R/GOLGA8T/GOLGA8M/FUT3/FUT5/FUT6/COG3/GOLGA8CP/GOLGA8S/TMED3,13
