ID,Description,GeneRatio,BgRatio,pvalue,p.adjust,qvalue,geneID,Count
GO:0005549,odorant binding,33/868,79/16308,9.12255388405953e-22,7.97311209466802e-19,7.70135601580604e-19,OR5D14/OR5D18/OR5L1/OR5L2/OR5AP2/OR5AR1/OR5D13/OR5M1/OR5J2/OR8K5/OR5AS1/OR5F1/OR5R1/OR8J1/OR8U1/OR8U8/OR5M11/OR5D16/OR8H1/OR5M10/OR5I1/OR5W2/OR5M8/OR8H3/OR8J3/OR8H2/OR8I2/OR9G4/OR8K1/OR8K3/OR13A1/OR5M3/OR5M9,33
GO:0004984,olfactory receptor activity,65/868,369/16308,7.64965192232356e-18,3.34289789005539e-15,3.22895833773868e-15,OR4A16/OR13D1/OR4A15/OR5D14/OR5D18/OR5L1/OR5L2/OR4A5/OR4C46/OR4C15/OR4C16/OR5AP2/OR5AR1/OR5D13/OR4C45/OR5M1/OR5J2/OR5T2/OR5T3/OR8K5/OR4C6/OR4P4/OR4S2/OR4C3/OR4S1/OR5AS1/OR5F1/OR5R1/OR8J1/OR8U1/OR8U8/OR13C2/OR13C5/OR13C9/OR5M11/OR4B1/OR5D16/OR13C8/OR13F1/OR4X1/OR5T1/OR8H1/OR4C11/OR5M10/OR9G1/OR9G9/OR5I1/OR5W2/OR2B6/OR5M8/OR4A47/OR8H3/OR8J3/OR10AG1/OR8H2/OR8I2/OR9G4/OR4X2/OR8K1/OR8K3/OR13C3/OR13C4/OR13A1/OR5M3/OR5M9,65
