ID,Description,GeneRatio,BgRatio,pvalue,p.adjust,qvalue,geneID,Count
GO:0004984,olfactory receptor activity,42/723,378/16429,3.35004620978827e-08,2.54268507322929e-05,2.51429783955688e-05,OR4A5/OR4A15/OR4A16/OR4C46/OR13C2/OR13C5/OR13C8/OR13C9/OR13D1/OR13C3/OR13C4/OR13F1/OR4A47/OR4C15/OR4C16/OR4C3/OR4C45/OR4C11/OR4C6/OR4P4/OR4S2/OR4M2/OR4N4/OR5D13/OR5D14/OR5D16/OR5D18/OR5L1/OR5L2/OR5AC2/OR5H1/OR5H14/OR5H15/OR4K1/OR4K13/OR4K14/OR4K15/OR4K2/OR4K5/OR4L1/OR4M1/OR4N2,42
GO:0016597,amino acid binding,11/723,57/16429,3.2174467560351e-05,0.0122102104391532,0.0120738923002791,GLUD1/NOS2/GRIN3A/TDO2/SHMT1/GOT2/DDAH1/AARS/DDC/CPS1/CEP104,11
