ID,Description,GeneRatio,BgRatio,pvalue,p.adjust,qvalue,geneID,Count
GO:0005911,cell-cell junction,55/1276,429/18021,1.32399055554542e-05,0.00838086021660249,0.00801362704672227,AKR1B1/CDH19/FLRT3/CCDC85C/DSC2/DSC3/FRMPD2/AMOTL2/FLRT2/KCNJ2/MYO1E/SCN2A/TGFBR1/ANXA2/CDH2/CDH5/CTNNA3/GJA5/GJB7/JAM2/PDCD6IP/PDLIM5/PMP22/ECT2/FAT1/FRMD4B/OBSL1/ANK2/ANXA1/ATP1B1/CAV3/CDH17/CDH6/CLDN16/CLDN20/CTNNA2/DDX58/DSG1/DSG2/DSG3/DSG4/FABP7/GJA1/KRIT1/LAMA1/LIMD1/MPDZ/OXTR/PCDH9/PODXL/RAP2B/STRN/STXBP6/SV2A/YWHAH,55
GO:0014704,intercalated disc,13/1276,51/18021,3.98080147160221e-05,0.0114239654752846,0.0109233892879166,DSC2/KCNJ2/SCN2A/CDH2/CTNNA3/GJA5/OBSL1/ANK2/ATP1B1/CAV3/DSG2/GJA1/YWHAH,13
GO:0044291,cell-cell contact zone,15/1276,67/18021,5.4142016470543e-05,0.0114239654752846,0.0109233892879166,DSC2/KCNJ2/SCN2A/CDH2/CTNNA3/GJA5/OBSL1/ANK2/ATP1B1/CAV3/DSG2/GJA1/PCDH9/RAP2B/YWHAH,15
