ID,Description,GeneRatio,BgRatio,pvalue,p.adjust,qvalue,geneID,Count
GO:0005549,odorant binding,37/754,84/16429,1.55887033634308e-27,1.22527208436566e-24,1.18310053947722e-24,OR5D13/OR5D14/OR5D16/OR5D18/OR5L1/OR5L2/OR5I1/OR5W2/OR5AK2/OR9G4/OR5AP2/OR5AR1/OR5M1/OR5M10/OR5M11/OR5M3/OR5M8/OR5M9/OR5J2/OR8H1/OR8H2/OR8H3/OR8I2/OR8J3/OR8K3/OR8K5/OR5AS1/OR8J1/OR8K1/OR8U1/OR8U8/OR5F1/OR5R1/OR5AC2/OR5H1/OR5H14/OR5H15,37
GO:0004984,olfactory receptor activity,70/754,378/16429,4.56141294234896e-24,1.79263528634314e-21,1.73093617443874e-21,OR4A5/OR4A15/OR4A16/OR4C46/OR4C15/OR4C16/OR4C11/OR4C6/OR4P4/OR4S2/OR13C2/OR13C5/OR13C8/OR13C9/OR13D1/OR5D13/OR5D14/OR5D16/OR5D18/OR5L1/OR5L2/OR10AG1/OR5I1/OR5W2/OR5AK2/OR9G1/OR9G4/OR9G9/OR5AP2/OR5AR1/OR5M1/OR5M10/OR5M11/OR4A47/OR4B1/OR4C3/OR4C45/OR4S1/OR4X1/OR4X2/OR13C3/OR13C4/OR13F1/OR5M3/OR5M8/OR5M9/OR5J2/OR5T1/OR5T2/OR5T3/OR8H1/OR8H2/OR8H3/OR8I2/OR8J3/OR8K3/OR8K5/OR5AS1/OR8J1/OR8K1/OR8U1/OR8U8/OR5F1/OR5R1/OR5AC2/OR5H1/OR5H14/OR5H15/OR2B2/OR2B6,70
GO:0015125,bile acid transmembrane transporter activity,7/754,16/16429,3.31756180129802e-06,0.000869201191940082,0.00083928493288978,SLC10A2/SLCO1B3/SLCO1C1/SLCO1A2/SLCO1B1/SLCO1B7/SLC10A1,7
GO:0031492,nucleosomal DNA binding,10/754,55/16429,0.000174974875416953,0.0343825630194313,0.0331991803093746,H2AFZ/HIST1H1A/HIST1H1B/HIST1H1C/HIST1H3A/HIST1H3B/HIST1H3C/HIST1H3I/HIST1H3J/MBD2,10
