ID,Description,GeneRatio,BgRatio,pvalue,p.adjust,qvalue,geneID,Count
GO:0005549,odorant binding,32/690,84/16431,8.60689227602776e-23,6.13671419280779e-20,6.08824379946384e-20,OR5D13/OR5D14/OR5D16/OR5D18/OR5L1/OR5L2/OR5J2/OR8H2/OR8H3/OR8I2/OR8J3/OR8K5/OR5AS1/OR5F1/OR5I1/OR5W2/OR8H1/OR8J1/OR8K1/OR8K3/OR5AC2/OR5H1/OR5H14/OR5H15/OR8B2/OR8B3/OR8B4/OR8B8/OR8D1/OR8D2/OR8G1/OR8G5,32
GO:0004984,olfactory receptor activity,60/690,378/16431,3.15954156246815e-19,1.1263765670199e-16,1.11747996314663e-16,OR4A5/OR4A15/OR4A16/OR4C46/OR4C15/OR4C16/OR4A47/OR4C11/OR4C3/OR4C45/OR4C6/OR4P4/OR4S2/OR5D13/OR5D14/OR5D16/OR5D18/OR5L1/OR5L2/OR13C2/OR13C5/OR13C8/OR13C9/OR13D1/OR4B1/OR4S1/OR4X1/OR4X2/OR5J2/OR8H2/OR8H3/OR8I2/OR8J3/OR8K5/OR10AG1/OR5AS1/OR5F1/OR5I1/OR5T1/OR5T2/OR5T3/OR5W2/OR8H1/OR8J1/OR8K1/OR8K3/OR4M2/OR4N4/OR5AC2/OR5H1/OR5H14/OR5H15/OR8B2/OR8B3/OR8B4/OR8B8/OR8D1/OR8D2/OR8G1/OR8G5,60
GO:0004065,arylsulfatase activity,5/690,12/16431,7.96902180231167e-05,0.0189397084834941,0.0187901145654507,ARSD/ARSE/ARSF/ARSH/ARSG,5
