ID,Description,GeneRatio,BgRatio,pvalue,p.adjust,qvalue,geneID,Count
GO:0005549,odorant binding,27/971,79/16284,3.13152500621837e-14,2.74634743045351e-11,2.64037003155886e-11,OR5D14/OR5D18/OR5L1/OR5L2/OR5D13/OR5D16/OR5I1/OR5W2/OR8J1/OR8U1/OR8U8/OR5AS1/OR5F1/OR5J2/OR8K5/OR8H2/OR8I2/OR5M1/OR5R1/OR5M11/OR5M10/OR5M8/OR8K1/OR8K3/OR13A1/OR5AP2/OR5AR1,27
GO:0004984,olfactory receptor activity,54/971,364/16284,4.70220958079829e-10,2.06191890118005e-07,1.98235256537865e-07,OR4A16/OR4C15/OR4C16/OR4A15/OR5D14/OR5D18/OR5L1/OR5L2/OR4A5/OR5D13/OR4C46/OR4C6/OR4P4/OR4S2/OR5D16/OR13D1/OR4C3/OR4S1/OR4C11/OR4A47/OR4B1/OR13C8/OR13C2/OR13C5/OR13C9/OR13F1/OR5I1/OR5W2/OR8J1/OR8U1/OR8U8/OR4X1/OR4X2/OR4C45/OR5AS1/OR5F1/OR5J2/OR8K5/OR8H2/OR8I2/OR5T2/OR5M1/OR5R1/OR5M11/OR13C3/OR13C4/OR5M10/OR5M8/OR8K1/OR8K3/OR13A1/OR5AP2/OR5AR1/OR5T3,54
