ID,Description,GeneRatio,BgRatio,pvalue,p.adjust,qvalue,geneID,Count
GO:0099560,synaptic membrane adhesion,9/814,27/17064,2.63807136030439e-06,0.0124015734647909,0.0122850817873543,LRRC4C/SLITRK3/FLRT3/NLGN1/PTPRD/SLITRK1/CDH9/LRFN5/PCDH17,9
GO:0099054,presynapse assembly,10/814,42/17064,2.11244986649327e-05,0.0496531341119243,0.049186727417717,EFNB2/NTRK3/SLITRK3/CNTN5/LRRTM3/NLGN1/PTPRD/SLITRK1/LRFN5/PCDH17,10
