ID,Description,GeneRatio,BgRatio,pvalue,p.adjust,qvalue,geneID,Count
GO:0004984,olfactory receptor activity,112/1739,378/16429,4.46684123455298e-25,4.40877229850379e-22,4.38690828614519e-22,OR4A5/OR4A15/OR4A16/OR4C46/OR4C11/OR4C15/OR4C16/OR4C6/OR4P4/OR4S2/OR13C2/OR13C5/OR13C8/OR13C9/OR13D1/OR4A47/OR4C3/OR4C45/OR8A1/OR8B12/OR8B2/OR8B3/OR8B4/OR8B8/OR8D1/OR8D2/OR13C3/OR13C4/OR13F1/OR8G1/OR8G5/OR5M3/OR5M8/OR5M9/OR13A1/OR2AK2/OR2AP1/OR2D2/OR2D3/OR2L13/OR2L2/OR2L3/OR2L5/OR2L8/OR2M5/OR2T8/OR2W3/OR4B1/OR4C12/OR4C13/OR4K1/OR4K13/OR4K14/OR4K15/OR4K2/OR4K5/OR4L1/OR4M1/OR4N2/OR4S1/OR4X1/OR4X2/OR51A2/OR51A4/OR51A7/OR51F1/OR51F2/OR51G1/OR51G2/OR51L1/OR51S1/OR51T1/OR52E2/OR52J3/OR52R1/OR5AP2/OR5AR1/OR5D13/OR5D14/OR5D16/OR5D18/OR5J2/OR5L1/OR5L2/OR5M1/OR5M10/OR5M11/OR5R1/OR5T1/OR5T2/OR5T3/OR6C1/OR6C2/OR6C3/OR6C4/OR6C65/OR6C68/OR6C70/OR6C75/OR6C76/OR6M1/OR6X1/OR8D4/OR8H1/OR8J1/OR8K1/OR8K3/OR8U1/OR8U8/OR9G1/OR9G4/OR9G9,112
GO:0005549,odorant binding,35/1739,84/16429,1.53945514002525e-13,7.59721111602463e-11,7.55953497707138e-11,OR8A1/OR8B12/OR8B2/OR8B3/OR8B4/OR8B8/OR8D1/OR8D2/OR8G1/OR8G5/OR5M3/OR5M8/OR5M9/OR13A1/OR5AP2/OR5AR1/OR5D13/OR5D14/OR5D16/OR5D18/OR5J2/OR5L1/OR5L2/OR5M1/OR5M10/OR5M11/OR5R1/OR8D4/OR8H1/OR8J1/OR8K1/OR8K3/OR8U1/OR8U8/OR9G4,35
GO:0022851,GABA-gated chloride ion channel activity,7/1739,12/16429,7.19942819330525e-05,0.0225352988145984,0.0224235416136301,GABRA1/GABRG2/GABRB3/GABRA4/GABRA6/GABRB1/GABRE,7
GO:0015347,sodium-independent organic anion transmembrane transporter activity,8/1739,16/16429,9.13284653073896e-05,0.0225352988145984,0.0224235416136301,SLCO1B3/SLCO1C1/SLCO1A2/SLCO1B1/SLCO1B7/SLCO4C1/SLCO5A1/SLCO6A1,8
