ID,Description,GeneRatio,BgRatio,pvalue,p.adjust,qvalue,geneID,Count
GO:0008066,glutamate receptor activity,9/897,26/16296,5.95217234358887e-06,0.00499982476861465,0.00496849754575366,GRIA4/GRIK3/GRIN2B/GRID2/GRIA1/GRIA3/GRIN3A/GRM7/GRM8,9
GO:0004970,ionotropic glutamate receptor activity,7/897,19/16296,4.20213990765371e-05,0.0176489876121456,0.0175384049829968,GRIA4/GRIK3/GRIN2B/GRID2/GRIA1/GRIA3/GRIN3A,7
GO:0005001,transmembrane receptor protein tyrosine phosphatase activity,6/897,17/16296,0.000200335586690249,0.0420704732049523,0.0418068737487809,PTPRD/PTPRT/PTPRE/PTPRG/PTPRF/PTPRM,6
GO:0019198,transmembrane receptor protein phosphatase activity,6/897,17/16296,0.000200335586690249,0.0420704732049523,0.0418068737487809,PTPRD/PTPRT/PTPRE/PTPRG/PTPRF/PTPRM,6
