ID,Description,GeneRatio,BgRatio,pvalue,p.adjust,qvalue,geneID,Count
GO:0004984,olfactory receptor activity,54/713,378/16436,8.70344039059782e-15,6.55369061412016e-12,6.55369061412016e-12,OR4A15/OR4A16/OR4A5/OR4C46/OR13C2/OR13C5/OR13C8/OR13C9/OR13D1/OR4A47/OR4C11/OR4C15/OR4C16/OR4B1/OR4C3/OR4C45/OR4S1/OR4X1/OR4X2/OR4C6/OR4P4/OR4S2/OR5J2/OR5T1/OR5T2/OR5T3/OR8H1/OR8H2/OR8H3/OR8I2/OR8J1/OR8J3/OR8K1/OR8K3/OR8K5/OR13C3/OR13C4/OR13F1/OR4M2/OR4N4/OR5D13/OR5D14/OR5L1/OR5D16/OR5D18/OR5L2/OR5K1/OR5K2/OR5K3/OR10AG1/OR5AS1/OR5F1/OR5I1/OR5W2,54
GO:0005549,odorant binding,23/713,84/16436,6.64231861443592e-13,2.50083295833512e-10,2.50083295833512e-10,OR5J2/OR8H1/OR8H2/OR8H3/OR8I2/OR8J1/OR8J3/OR8K1/OR8K3/OR8K5/OR5D13/OR5D14/OR5L1/OR5D16/OR5D18/OR5L2/OR5K1/OR5K2/OR5K3/OR5AS1/OR5F1/OR5I1/OR5W2,23
