ID,Description,GeneRatio,BgRatio,pvalue,p.adjust,qvalue,geneID,Count
GO:0000137,Golgi cis cisterna,10/836,26/18021,1.18016991333943e-07,6.18409034589862e-05,6.06234650220676e-05,GOLGA8M/GOLGA8J/GOLGA8K/GOLGA8R/GOLGA8T/GOLGA8DP/GOLGA8CP/GOLGA8S/GOLGA8G/GOLGA8O,10
GO:0030057,desmosome,7/836,25/18021,0.000103976389817088,0.0272418141320769,0.0267055148582835,DSC1/DSC2/DSC3/DSG1/DSG2/DSG3/DSG4,7
