ID,Description,GeneRatio,BgRatio,pvalue,p.adjust,qvalue,geneID,Count
GO:0000786,nucleosome,24/1237,103/18019,8.94331600803485e-08,5.57168587300571e-05,5.57168587300571e-05,HIST1H1A/HIST1H1C/HIST1H1E/HIST1H1T/HIST1H2AB/HIST1H2AC/HIST1H2BB/HIST1H2BC/HIST1H2BD/HIST1H3A/HIST1H3B/HIST1H3C/HIST1H4A/HIST1H4B/HIST1H4C/H2AFZ/HIST1H2AG/HIST1H2AH/HIST1H2BJ/HIST1H2BK/HIST1H4I/IRF4/SHPRH/SOS1,24
GO:0044815,DNA packaging complex,24/1237,111/18019,3.97254067029141e-07,0.000123744641879577,0.000123744641879577,HIST1H1A/HIST1H1C/HIST1H1E/HIST1H1T/HIST1H2AB/HIST1H2AC/HIST1H2BB/HIST1H2BC/HIST1H2BD/HIST1H3A/HIST1H3B/HIST1H3C/HIST1H4A/HIST1H4B/HIST1H4C/H2AFZ/HIST1H2AG/HIST1H2AH/HIST1H2BJ/HIST1H2BK/HIST1H4I/IRF4/SHPRH/SOS1,24
GO:0032993,protein-DNA complex,33/1237,196/18019,1.42382205038531e-06,0.000295680379130016,0.000295680379130016,ERCC5/BCAS2/HIST1H1A/HIST1H1C/HIST1H1E/HIST1H1T/HIST1H2AB/HIST1H2AC/HIST1H2BB/HIST1H2BC/HIST1H2BD/HIST1H3A/HIST1H3B/HIST1H3C/HIST1H4A/HIST1H4B/HIST1H4C/ST18/CDC5L/GTF2H3/H2AFZ/HIST1H2AG/HIST1H2AH/HIST1H2BJ/HIST1H2BK/HIST1H4I/IRF4/LEF1/NFYC/PRIM2/SHPRH/SOS1/TBX5,33
