ID,Description,GeneRatio,BgRatio,pvalue,p.adjust,qvalue,geneID,Count
GO:0005549,odorant binding,33/813,84/16429,9.76083599443418e-22,7.91603799148612e-19,7.91603799148612e-19,OR5D13/OR5D14/OR5D16/OR5D18/OR5L1/OR5L2/OR5I1/OR5W2/OR5F1/OR5AS1/OR5J2/OR8H2/OR8H3/OR8I2/OR8J3/OR8K5/OR5M3/OR5M8/OR5M9/OR5R1/OR8H1/OR8J1/OR8K1/OR8K3/OR8U1/OR8U8/OR5M11/OR13A1/OR5AP2/OR5AR1/OR5M1/OR5M10/OR9G4,33
GO:0004984,olfactory receptor activity,66/813,378/16429,1.5485507260111e-19,6.27937319397501e-17,6.27937319397501e-17,OR4A5/OR4A15/OR4A16/OR4C46/OR4C15/OR4C16/OR4C11/OR4C6/OR4P4/OR4S2/OR5D13/OR5D14/OR5D16/OR5D18/OR5L1/OR5L2/OR10AG1/OR5I1/OR5W2/OR5F1/OR13C2/OR13C5/OR13C8/OR13C9/OR13D1/OR4B1/OR4C3/OR4C45/OR4S1/OR4X1/OR4X2/OR13C3/OR13C4/OR13F1/OR4A47/OR5AS1/OR5J2/OR8H2/OR8H3/OR8I2/OR8J3/OR8K5/OR5M3/OR5M8/OR5M9/OR5R1/OR5T1/OR5T2/OR5T3/OR8H1/OR8J1/OR8K1/OR8K3/OR8U1/OR8U8/OR4M2/OR4N4/OR5M11/OR13A1/OR5AP2/OR5AR1/OR5M1/OR5M10/OR9G1/OR9G4/OR9G9,66
