ID,Description,GeneRatio,BgRatio,pvalue,p.adjust,qvalue,geneID,Count
GO:0004984,olfactory receptor activity,48/907,378/16429,5.91127384160972e-08,4.70779067171014e-05,4.63393363181995e-05,OR4A5/OR4A15/OR4A16/OR4C46/OR4C11/OR4C15/OR4C16/OR4C6/OR4P4/OR4S2/OR4A47/OR4B1/OR4C3/OR4C45/OR4S1/OR4X1/OR4X2/OR5D13/OR5D14/OR5D16/OR5D18/OR5L1/OR5L2/OR13C2/OR13C3/OR13C4/OR13C5/OR13C8/OR13C9/OR13D1/OR13F1/OR5W2/OR10AG1/OR5I1/OR5F1/OR5J2/OR5T1/OR5T2/OR5T3/OR8H1/OR8H2/OR8H3/OR8I2/OR8J1/OR8J3/OR8K1/OR8K3/OR8K5,48
GO:0005549,odorant binding,19/907,84/16429,1.13168044993032e-07,4.70779067171014e-05,4.63393363181995e-05,OR5D13/OR5D14/OR5D16/OR5D18/OR5L1/OR5L2/OR5W2/OR5I1/OR5F1/OR5J2/OR8H1/OR8H2/OR8H3/OR8I2/OR8J1/OR8J3/OR8K1/OR8K3/OR8K5,19
GO:0015125,bile acid transmembrane transporter activity,6/907,16/16429,0.000138191916731547,0.0383252249068824,0.0377239688481206,SLC10A2/SLCO1A2/SLCO1B1/SLCO1B7/SLCO1B3/SLCO1C1,6
