ID,Description,GeneRatio,BgRatio,pvalue,p.adjust,qvalue,geneID,Count
GO:0004984,olfactory receptor activity,44/734,378/16434,5.94995027285660e-09,4.42676300300531e-06,4.42676300300531e-06,OR4A5/OR4A15/OR4A16/OR4C46/OR4C11/OR4C15/OR4C16/OR4C6/OR4P4/OR4S2/OR5D13/OR5D14/OR5L1/OR5D16/OR5D18/OR5L2/OR4M2/OR4N4/OR4A47/OR4C3/OR4C45/OR10AG1/OR5I1/OR5W2/OR5AS1/OR5F1/OR5J2/OR8H2/OR8H3/OR8I2/OR8J3/OR8K5/OR4B1/OR4S1/OR4X1/OR4X2/OR13C2/OR13C3/OR13C4/OR13C5/OR13C8/OR13C9/OR13F1/OR13D1,44
GO:0005549,odorant binding,16/734,84/16434,7.93488287611469e-07,0.000295177642991466,0.000295177642991466,OR5D13/OR5D14/OR5L1/OR5D16/OR5D18/OR5L2/OR5I1/OR5W2/OR5AS1/OR5F1/OR5J2/OR8H2/OR8H3/OR8I2/OR8J3/OR8K5,16
