>ATTTGGGAGCGC	1-GCGCTCCCAAAT	14.365706	-40.125122	0	T:45.0(0.58%),B:42.9(0.11%),P:1e-17,FDR:0.333333333333333
0.876	0.043	0.042	0.039
0.041	0.038	0.024	0.897
0.084	0.040	0.043	0.833
0.026	0.055	0.023	0.896
0.054	0.118	0.731	0.097
0.049	0.073	0.589	0.289
0.038	0.068	0.855	0.039
0.893	0.038	0.031	0.038
0.051	0.022	0.917	0.010
0.008	0.819	0.015	0.158
0.172	0.001	0.769	0.058
0.031	0.928	0.020	0.021
