>GCGCTCCCAAAT	1-GCGCTCCCAAAT	14.365706	-40.125122	0	T:45.0(0.58%),B:42.9(0.11%),P:1e-17,FDR:0.333333333333333	Tpos:18432.9,Tstd:11207.1,Bpos:20638.6,Bstd:14538.2,StrandBias:-0.3,Multiplicity:3.13
0.021	0.020	0.928	0.031
0.058	0.769	0.001	0.172
0.158	0.015	0.819	0.008
0.010	0.917	0.022	0.051
0.038	0.031	0.038	0.893
0.039	0.855	0.068	0.038
0.289	0.589	0.073	0.049
0.097	0.731	0.118	0.054
0.896	0.023	0.055	0.026
0.833	0.043	0.040	0.084
0.897	0.024	0.038	0.041
0.039	0.042	0.043	0.876
>ACCGTGTTTCCA	2-ACCGTGTTTCCA	13.393540	-20.297193	0	T:239.0(3.06%),B:764.7(2.04%),P:1e-8,FDR:0.333333333333333	Tpos:19849.5,Tstd:11174.8,Bpos:20840.3,Bstd:13767.1,StrandBias:0.0,Multiplicity:8.39
0.997	0.001	0.001	0.001
0.001	0.748	0.001	0.250
0.288	0.628	0.083	0.001
0.001	0.001	0.997	0.001
0.001	0.001	0.001	0.997
0.001	0.001	0.997	0.001
0.001	0.216	0.001	0.782
0.083	0.001	0.052	0.864
0.084	0.001	0.309	0.606
0.001	0.997	0.001	0.001
0.001	0.964	0.034	0.001
0.784	0.001	0.214	0.001
>TCACAGAGTTAA	3-TCACAGAGTTAA	16.502751	-9.555166	0	T:154.0(1.97%),B:535.9(1.43%),P:1e-4,FDR:0.333333333333333	Tpos:19952.2,Tstd:11526.0,Bpos:20407.3,Bstd:13750.7,StrandBias:0.2,Multiplicity:12.78
0.001	0.001	0.001	0.997
0.001	0.997	0.001	0.001
0.971	0.001	0.027	0.001
0.001	0.997	0.001	0.001
0.997	0.001	0.001	0.001
0.001	0.001	0.997	0.001
0.992	0.006	0.001	0.001
0.001	0.001	0.997	0.001
0.001	0.001	0.064	0.934
0.001	0.001	0.001	0.997
0.997	0.001	0.001	0.001
0.997	0.001	0.001	0.001
>CTTTTTCACCAT	4-CTTTTTCACCAT	16.568925	-7.172268	0	T:181.0(2.32%),B:680.7(1.81%),P:1e-3,FDR:0.333333333333333	Tpos:19835.9,Tstd:11173.7,Bpos:20629.6,Bstd:14157.7,StrandBias:-0.0,Multiplicity:10.12
0.001	0.997	0.001	0.001
0.001	0.001	0.001	0.997
0.001	0.001	0.001	0.997
0.001	0.001	0.001	0.997
0.001	0.001	0.001	0.997
0.001	0.001	0.001	0.997
0.001	0.997	0.001	0.001
0.967	0.001	0.031	0.001
0.001	0.997	0.001	0.001
0.001	0.997	0.001	0.001
0.997	0.001	0.001	0.001
0.001	0.001	0.001	0.997
>GAGAAACTGCTT	5-GAGAAACTGCTT	12.028417	-2.303346	0	T:192.0(2.46%),B:838.3(2.23%),P:1e-1,FDR:0.666666666666667	Tpos:19312.7,Tstd:11010.2,Bpos:20747.3,Bstd:13810.7,StrandBias:-0.1,Multiplicity:9.97
0.001	0.001	0.997	0.001
0.997	0.001	0.001	0.001
0.001	0.001	0.997	0.001
0.997	0.001	0.001	0.001
0.997	0.001	0.001	0.001
0.997	0.001	0.001	0.001
0.001	0.997	0.001	0.001
0.001	0.050	0.014	0.935
0.001	0.001	0.997	0.001
0.001	0.997	0.001	0.001
0.001	0.001	0.011	0.987
0.001	0.001	0.001	0.997
